#BODY
s
0.0 0.35 1.5
0.2
0.878 0.878 0.878

s
0.0 0.0 1.5
0.25
0.878 0.878 0.878

s
0.0 -0.4 1.5
0.3
0.878 0.878 0.878

#BUTTONS
s
0.0 0.1 1.2925
0.03
0.1 0.1 0.1

s
0.0 0.0 1.27
0.03
0.1 0.1 0.1

s
0.0 -0.1 1.2925
0.03
0.1 0.1 0.1

#GROUND
p
0.0 1.0 0.0
0.9
0.8 0.8 0.8
0.8 0.8 0.8

#EYES
s
-0.05 0.45 1.33
0.03
0.1 0.1 0.1

s
0.05 0.45 1.33
0.03
0.1 0.1 0.1

#NOSE
s
0.0 0.37 1.32
0.03
1.0 0.5 0.0

#MOUTH
s
0.0 0.28 1.32
0.01
0.1 0.1 0.1

s
-0.02 0.29 1.33
0.02
0.1 0.1 0.1

s
0.02 0.29 1.33
0.02
0.1 0.1 0.1

s
-0.04 0.3 1.33
0.02
0.1 0.1 0.1

s
0.04 0.3 1.33
0.02
0.1 0.1 0.1

#SCENE LIGHT
l
1.5 4.0 -2.5